138398 141343 408576247 15ZW
193181 193639 499884422 qmqa
15253 18291 83172276 4G2FM
57675 64328 859272471 hrlc
4497 8521 412258694 DA[d
79761 82635 191187557 dCkE
73921 82555 629373013 {jDy_
20761 30046 302507058 TiHjC
68460 72412 751461335 tWUYt
111386 119433 599890354 HNFY
75215 77835 406594093 kZuUF
77875 80923 64893420 dPiQ
151824 154644 675050621 _pw59
6880 8386 390114772 8CEI
172075 173771 92964245 AhjPK
87279 91091 998280464 zOby
1379 8920 918923894 QaySR
114512 117923 469010068 {xvO
67303 69519 603338349 U}RGt
106689 107921 291273218 0hR]B
105665 110321 910714354 iV_Hu
89492 92760 834108483 zrws
43549 51520 26691247 }5gL
63148 71780 598177557 nG6k
23734 31535 194387621 mEzfp
80139 82286 181028279 MtU]i
177844 179367 893561300 {Y,g
120945 130074 929560152 TurfD
46568 48199 627712107 CiSV
129563 131130 640834466 RjA9F
138904 148596 947324695 J9dV
77981 78956 916526894 5M6B
61651 64845 147438693 TWqu
196174 199787 16474558 AdfV
112188 112779 759677839 6izc
2002 10081 882758558 Y8Nw
90899 97391 476361156 WV13
92622 101011 544893706 }N,r0
9910 19264 275547495 KKH{
100273 101327 741121482 {fU5K
91559 98507 518056493 VzGs
56428 63011 766003606 q1{wl
68900 70304 561694527 y{qEK
162614 166828 791243793 inrJ
103172 106467 144988085 wlt7u
67857 69457 93152927 7iAoC
158173 158752 889106782 {4G49
15739 20661 690145453 R4YiI
73084 75468 648067111 ESi5P
183733 191480 343523816 G1m1f
115436 120294 215580035 cQe5r
1884 10073 131675891 wfk]2
114716 122367 104237896 uQBJO
182712 188487 811248344 t84r
2190 10259 816826251 KqAP
77762 82164 400986505 voYU
101765 109588 833987961 ISOE
94846 101041 1825898 eerK
182242 188670 984769941 6BQr6
167480 172406 269440498 wZyF
93299 102545 554149545 E9wz
81000 89533 66324655 QSsZ
39957 43525 915707309 QVBYZ
190492 199540 928310095 EzbJe
51103 59649 713303246 a58AH
176007 179976 969719158 7we,
90721 95649 428936827 Ahvy
144966 146769 446923222 l6vM
637 3647 964955742 Tpxl
27111 33280 984448808 G74uv
48558 54385 982610769 SRCk
16942 25230 502876556 m][Lo
16984 17929 89337129 81Az
71766 76439 644995949 iiF[I
63395 71865 106586400 VI8y}
133365 138352 223318233 qy1mU
26911 29499 471997889 ,RDI}
130570 139271 385287239 8kJI
7266 16280 533541449 v2H]o
118908 128673 203543610 SyPar
24357 32614 301051318 JxXpH
121173 126594 701337049 GiI{1
145221 147230 880064644 xzne
34467 36255 489335051 4A6le
106434 113945 752006173 lP]7
1286 8771 426581357 lTAB
